+------------+---------------+-----------+----------------------+--------+---------------+---------------+---------------+-----------+-----------+---------------+----------------+---------------+----------------+
| DATASETS   | MODES         | LATENT    | HIDDEN               |   RISK | C-INDEX       | IBS           |   AVG C-INDEX |   AVG IBS |   CI -IBS |   p-values CI |   p-values IBS |   p-values CI |   p-values IBS |
+============+===============+===========+======================+========+===============+===============+===============+===========+===========+===============+================+===============+================+
| brca       | clinical, wsi | [10, 5]   | [500, [8, 16, 32]]   |      0 | 0.593 ± 0.044 | 0.244 ± 0.051 |         0.605 |     0.233 |     0.372 |         0.044 |          0.041 |         0.616 |          0.615 |
+------------+---------------+-----------+----------------------+--------+---------------+---------------+---------------+-----------+-----------+---------------+----------------+---------------+----------------+
| brca       | clinical, wsi | [10, 5]   | [500, [8, 16, 32]]   |      1 | 0.617 ± 0.041 | 0.221 ± 0.041 |         0.605 |     0.233 |     0.372 |         0.264 |          0.487 |         1     |          1     |
+------------+---------------+-----------+----------------------+--------+---------------+---------------+---------------+-----------+-----------+---------------+----------------+---------------+----------------+
| brca       | clinical, wsi | [10, 5]   | [500, [16, 32, 64]]  |      0 | 0.588 ± 0.048 | 0.248 ± 0.048 |         0.59  |     0.234 |     0.356 |         0.03  |          0.02  |         0.48  |          0.36  |
+------------+---------------+-----------+----------------------+--------+---------------+---------------+---------------+-----------+-----------+---------------+----------------+---------------+----------------+
| brca       | clinical, wsi | [10, 5]   | [500, [16, 32, 64]]  |      1 | 0.592 ± 0.045 | 0.220 ± 0.048 |         0.59  |     0.234 |     0.356 |         0.03  |          0.5   |         0.48  |          1     |
+------------+---------------+-----------+----------------------+--------+---------------+---------------+---------------+-----------+-----------+---------------+----------------+---------------+----------------+
| brca       | clinical, wsi | [10, 5]   | [500, [32, 64, 128]] |      0 | 0.607 ± 0.075 | 0.226 ± 0.055 |         0.613 |     0.23  |     0.383 |         0.201 |          0.273 |         1     |          1     |
+------------+---------------+-----------+----------------------+--------+---------------+---------------+---------------+-----------+-----------+---------------+----------------+---------------+----------------+
| brca       | clinical, wsi | [10, 5]   | [500, [32, 64, 128]] |      1 | 0.618 ± 0.068 | 0.234 ± 0.055 |         0.613 |     0.23  |     0.383 |         0.331 |          0.243 |         1     |          1     |
+------------+---------------+-----------+----------------------+--------+---------------+---------------+---------------+-----------+-----------+---------------+----------------+---------------+----------------+
| brca       | clinical, wsi | [10, 50]  | [500, [8, 16, 32]]   |      0 | 0.617 ± 0.068 | 0.224 ± 0.044 |         0.612 |     0.238 |     0.374 |         0.311 |          0.292 |         1     |          1     |
+------------+---------------+-----------+----------------------+--------+---------------+---------------+---------------+-----------+-----------+---------------+----------------+---------------+----------------+
| brca       | clinical, wsi | [10, 50]  | [500, [8, 16, 32]]   |      1 | 0.606 ± 0.058 | 0.252 ± 0.044 |         0.612 |     0.238 |     0.374 |         0.147 |          0.036 |         1     |          0.576 |
+------------+---------------+-----------+----------------------+--------+---------------+---------------+---------------+-----------+-----------+---------------+----------------+---------------+----------------+
| brca       | clinical, wsi | [10, 50]  | [500, [16, 32, 64]]  |      0 | 0.630 ± 0.065 | 0.217 ± 0.045 |         0.626 |     0.224 |     0.402 |         0.5   |          0.471 |         1     |          1     |
+------------+---------------+-----------+----------------------+--------+---------------+---------------+---------------+-----------+-----------+---------------+----------------+---------------+----------------+
| brca       | clinical, wsi | [10, 50]  | [500, [16, 32, 64]]  |      1 | 0.622 ± 0.061 | 0.232 ± 0.057 |         0.626 |     0.224 |     0.402 |         0.386 |          0.278 |         1     |          1     |
+------------+---------------+-----------+----------------------+--------+---------------+---------------+---------------+-----------+-----------+---------------+----------------+---------------+----------------+
| brca       | clinical, wsi | [10, 50]  | [500, [32, 64, 128]] |      0 | 0.613 ± 0.056 | 0.222 ± 0.057 |         0.62  |     0.223 |     0.398 |         0.23  |          0.359 |         1     |          1     |
+------------+---------------+-----------+----------------------+--------+---------------+---------------+---------------+-----------+-----------+---------------+----------------+---------------+----------------+
| brca       | clinical, wsi | [10, 50]  | [500, [32, 64, 128]] |      1 | 0.628 ± 0.052 | 0.224 ± 0.043 |         0.62  |     0.223 |     0.398 |         0.5   |          0.416 |         1     |          1     |
+------------+---------------+-----------+----------------------+--------+---------------+---------------+---------------+-----------+-----------+---------------+----------------+---------------+----------------+
| brca       | clinical, wsi | [10, 500] | [500, [8, 16, 32]]   |      0 | 0.627 ± 0.068 | 0.220 ± 0.033 |         0.613 |     0.231 |     0.383 |         0.459 |          0.355 |         1     |          1     |
+------------+---------------+-----------+----------------------+--------+---------------+---------------+---------------+-----------+-----------+---------------+----------------+---------------+----------------+
| brca       | clinical, wsi | [10, 500] | [500, [8, 16, 32]]   |      1 | 0.599 ± 0.054 | 0.241 ± 0.040 |         0.613 |     0.231 |     0.383 |         0.079 |          0.11  |         0.869 |          1     |
+------------+---------------+-----------+----------------------+--------+---------------+---------------+---------------+-----------+-----------+---------------+----------------+---------------+----------------+
| brca       | clinical, wsi | [10, 500] | [500, [16, 32, 64]]  |      0 | 0.595 ± 0.037 | 0.242 ± 0.041 |         0.591 |     0.233 |     0.359 |         0.046 |          0.029 |         0.616 |          0.493 |
+------------+---------------+-----------+----------------------+--------+---------------+---------------+---------------+-----------+-----------+---------------+----------------+---------------+----------------+
| brca       | clinical, wsi | [10, 500] | [500, [16, 32, 64]]  |      1 | 0.588 ± 0.035 | 0.223 ± 0.036 |         0.591 |     0.233 |     0.359 |         0.012 |          0.429 |         0.216 |          1     |
+------------+---------------+-----------+----------------------+--------+---------------+---------------+---------------+-----------+-----------+---------------+----------------+---------------+----------------+
| brca       | clinical, wsi | [10, 500] | [500, [32, 64, 128]] |      0 | 0.595 ± 0.044 | 0.216 ± 0.029 |         0.593 |     0.224 |     0.37  |         0.053 |          0.5   |         0.636 |          1     |
+------------+---------------+-----------+----------------------+--------+---------------+---------------+---------------+-----------+-----------+---------------+----------------+---------------+----------------+
| brca       | clinical, wsi | [10, 500] | [500, [32, 64, 128]] |      1 | 0.592 ± 0.041 | 0.231 ± 0.045 |         0.593 |     0.224 |     0.37  |         0.024 |          0.26  |         0.408 |          1     |
+------------+---------------+-----------+----------------------+--------+---------------+---------------+---------------+-----------+-----------+---------------+----------------+---------------+----------------+