+---------------------------------------------------+--------+---------------+---------------+----------+-----------+-----------+-----------+------------+--------------+---------------+
| MODES                                             |   RISK | C-INDEX       | IBS           |   AVG CI |   AVG IBS |   CI- IBS |   PVAL CI |   PVAL IBS |   PVAL CI HB |   PVAL IBS HB |
+===================================================+========+===============+===============+==========+===========+===========+===========+============+==============+===============+
| clinical_omic_adn_omic_cnv_omic_RNAseq            |      0 | 0.546 ± 0.024 | 0.283 ± 0.053 |    0.557 |     0.283 |     0.274 |     0.014 |      0.052 |        0.408 |         1     |
+---------------------------------------------------+--------+---------------+---------------+----------+-----------+-----------+-----------+------------+--------------+---------------+
| clinical_omic_adn_omic_cnv_omic_RNAseq            |      1 | 0.568 ± 0.030 | 0.283 ± 0.073 |    0.557 |     0.283 |     0.274 |     0.5   |      0.326 |        1     |         1     |
+---------------------------------------------------+--------+---------------+---------------+----------+-----------+-----------+-----------+------------+--------------+---------------+
| clinical_omic_adn_omic_miRNA                      |      0 | 0.559 ± 0.027 | 0.277 ± 0.050 |    0.562 |     0.302 |     0.26  |     0.126 |      0.084 |        1     |         1     |
+---------------------------------------------------+--------+---------------+---------------+----------+-----------+-----------+-----------+------------+--------------+---------------+
| clinical_omic_adn_omic_miRNA                      |      1 | 0.564 ± 0.020 | 0.326 ± 0.066 |    0.562 |     0.302 |     0.26  |     0.331 |      0.017 |        1     |         0.508 |
+---------------------------------------------------+--------+---------------+---------------+----------+-----------+-----------+-----------+------------+--------------+---------------+
| clinical_omic_adn_omic_cnv_omic_miRNA_omic_RNAseq |      0 | 0.546 ± 0.024 | 0.282 ± 0.065 |    0.548 |     0.301 |     0.247 |     0.013 |      0.077 |        0.383 |         1     |
+---------------------------------------------------+--------+---------------+---------------+----------+-----------+-----------+-----------+------------+--------------+---------------+
| clinical_omic_adn_omic_cnv_omic_miRNA_omic_RNAseq |      1 | 0.550 ± 0.027 | 0.320 ± 0.064 |    0.548 |     0.301 |     0.247 |     0.05  |      0.028 |        1     |         0.83  |
+---------------------------------------------------+--------+---------------+---------------+----------+-----------+-----------+-----------+------------+--------------+---------------+
| clinical_omic_adn_omic_miRNA_omic_RNAseq          |      0 | 0.574 ± 0.029 | 0.292 ± 0.087 |    0.57  |     0.293 |     0.278 |     0.551 |      0.064 |        1     |         1     |
+---------------------------------------------------+--------+---------------+---------------+----------+-----------+-----------+-----------+------------+--------------+---------------+
| clinical_omic_adn_omic_miRNA_omic_RNAseq          |      1 | 0.567 ± 0.045 | 0.294 ± 0.092 |    0.57  |     0.293 |     0.278 |     0.457 |      0.231 |        1     |         1     |
+---------------------------------------------------+--------+---------------+---------------+----------+-----------+-----------+-----------+------------+--------------+---------------+
| clinical_omic_adn                                 |      0 | 0.566 ± 0.028 | 0.288 ± 0.061 |    0.564 |     0.291 |     0.273 |     0.292 |      0.04  |        1     |         1     |
+---------------------------------------------------+--------+---------------+---------------+----------+-----------+-----------+-----------+------------+--------------+---------------+
| clinical_omic_adn                                 |      1 | 0.562 ± 0.034 | 0.293 ± 0.064 |    0.564 |     0.291 |     0.273 |     0.301 |      0.186 |        1     |         1     |
+---------------------------------------------------+--------+---------------+---------------+----------+-----------+-----------+-----------+------------+--------------+---------------+
| clinical_omic_miRNA_omic_RNAseq                   |      0 | 0.572 ± 0.034 | 0.291 ± 0.068 |    0.569 |     0.28  |     0.288 |     0.5   |      0.04  |        1     |         1     |
+---------------------------------------------------+--------+---------------+---------------+----------+-----------+-----------+-----------+------------+--------------+---------------+
| clinical_omic_miRNA_omic_RNAseq                   |      1 | 0.565 ± 0.026 | 0.270 ± 0.058 |    0.569 |     0.28  |     0.288 |     0.372 |      0.527 |        1     |         1     |
+---------------------------------------------------+--------+---------------+---------------+----------+-----------+-----------+-----------+------------+--------------+---------------+
| clinical_omic_cnv_omic_miRNA_omic_RNAseq          |      0 | 0.578 ± 0.031 | 0.298 ± 0.077 |    0.57  |     0.285 |     0.286 |     0.674 |      0.031 |        1     |         0.918 |
+---------------------------------------------------+--------+---------------+---------------+----------+-----------+-----------+-----------+------------+--------------+---------------+
| clinical_omic_cnv_omic_miRNA_omic_RNAseq          |      1 | 0.563 ± 0.030 | 0.271 ± 0.064 |    0.57  |     0.285 |     0.286 |     0.301 |      0.5   |        1     |         1     |
+---------------------------------------------------+--------+---------------+---------------+----------+-----------+-----------+-----------+------------+--------------+---------------+
| clinical_omic_adn_omic_RNAseq                     |      0 | 0.565 ± 0.022 | 0.302 ± 0.049 |    0.565 |     0.293 |     0.272 |     0.243 |      0.005 |        1     |         0.156 |
+---------------------------------------------------+--------+---------------+---------------+----------+-----------+-----------+-----------+------------+--------------+---------------+
| clinical_omic_adn_omic_RNAseq                     |      1 | 0.566 ± 0.025 | 0.284 ± 0.065 |    0.565 |     0.293 |     0.272 |     0.414 |      0.306 |        1     |         1     |
+---------------------------------------------------+--------+---------------+---------------+----------+-----------+-----------+-----------+------------+--------------+---------------+
| clinical_omic_cnv_omic_miRNA                      |      0 | 0.577 ± 0.040 | 0.291 ± 0.065 |    0.571 |     0.287 |     0.285 |     0.621 |      0.037 |        1     |         1     |
+---------------------------------------------------+--------+---------------+---------------+----------+-----------+-----------+-----------+------------+--------------+---------------+
| clinical_omic_cnv_omic_miRNA                      |      1 | 0.566 ± 0.030 | 0.283 ± 0.084 |    0.571 |     0.287 |     0.285 |     0.409 |      0.347 |        1     |         1     |
+---------------------------------------------------+--------+---------------+---------------+----------+-----------+-----------+-----------+------------+--------------+---------------+
| clinical_omic_adn_omic_cnv_omic_miRNA             |      0 | 0.576 ± 0.043 | 0.283 ± 0.059 |    0.575 |     0.283 |     0.293 |     0.603 |      0.061 |        1     |         1     |
+---------------------------------------------------+--------+---------------+---------------+----------+-----------+-----------+-----------+------------+--------------+---------------+
| clinical_omic_adn_omic_cnv_omic_miRNA             |      1 | 0.574 ± 0.028 | 0.283 ± 0.066 |    0.575 |     0.283 |     0.293 |     0.708 |      0.325 |        1     |         1     |
+---------------------------------------------------+--------+---------------+---------------+----------+-----------+-----------+-----------+------------+--------------+---------------+
| clinical_omic_miRNA                               |      0 | 0.566 ± 0.028 | 0.276 ± 0.052 |    0.567 |     0.291 |     0.276 |     0.286 |      0.089 |        1     |         1     |
+---------------------------------------------------+--------+---------------+---------------+----------+-----------+-----------+-----------+------------+--------------+---------------+
| clinical_omic_miRNA                               |      1 | 0.568 ± 0.022 | 0.306 ± 0.080 |    0.567 |     0.291 |     0.276 |     0.48  |      0.109 |        1     |         1     |
+---------------------------------------------------+--------+---------------+---------------+----------+-----------+-----------+-----------+------------+--------------+---------------+
| clinical_omic_cnv                                 |      0 | 0.563 ± 0.028 | 0.249 ± 0.054 |    0.562 |     0.285 |     0.277 |     0.22  |      0.5   |        1     |         1     |
+---------------------------------------------------+--------+---------------+---------------+----------+-----------+-----------+-----------+------------+--------------+---------------+
| clinical_omic_cnv                                 |      1 | 0.560 ± 0.025 | 0.320 ± 0.056 |    0.562 |     0.285 |     0.277 |     0.217 |      0.02  |        1     |         0.607 |
+---------------------------------------------------+--------+---------------+---------------+----------+-----------+-----------+-----------+------------+--------------+---------------+
| clinical_omic_adn_omic_cnv                        |      0 | 0.562 ± 0.033 | 0.293 ± 0.048 |    0.563 |     0.296 |     0.266 |     0.209 |      0.014 |        1     |         0.43  |
+---------------------------------------------------+--------+---------------+---------------+----------+-----------+-----------+-----------+------------+--------------+---------------+
| clinical_omic_adn_omic_cnv                        |      1 | 0.563 ± 0.030 | 0.300 ± 0.062 |    0.563 |     0.296 |     0.266 |     0.316 |      0.122 |        1     |         1     |
+---------------------------------------------------+--------+---------------+---------------+----------+-----------+-----------+-----------+------------+--------------+---------------+
| clinical_omic_RNAseq                              |      0 | 0.569 ± 0.039 | 0.286 ± 0.044 |    0.571 |     0.278 |     0.293 |     0.408 |      0.029 |        1     |         0.882 |
+---------------------------------------------------+--------+---------------+---------------+----------+-----------+-----------+-----------+------------+--------------+---------------+
| clinical_omic_RNAseq                              |      1 | 0.573 ± 0.034 | 0.271 ± 0.056 |    0.571 |     0.278 |     0.293 |     0.638 |      0.503 |        1     |         1     |
+---------------------------------------------------+--------+---------------+---------------+----------+-----------+-----------+-----------+------------+--------------+---------------+
| clinical_omic_cnv_omic_RNAseq                     |      0 | 0.575 ± 0.034 | 0.274 ± 0.059 |    0.572 |     0.281 |     0.291 |     0.592 |      0.129 |        1     |         1     |
+---------------------------------------------------+--------+---------------+---------------+----------+-----------+-----------+-----------+------------+--------------+---------------+
| clinical_omic_cnv_omic_RNAseq                     |      1 | 0.568 ± 0.035 | 0.289 ± 0.053 |    0.572 |     0.281 |     0.291 |     0.498 |      0.214 |        1     |         1     |
+---------------------------------------------------+--------+---------------+---------------+----------+-----------+-----------+-----------+------------+--------------+---------------+