+------------+----------+----------+----------+--------+---------------+---------------+---------------+-----------+-----------+---------------+----------------+-------------------+--------------------+
| DATASETS   | MODES    |   LATENT |   HIDDEN |   RISK | C-INDEX       | IBS           |   AVG C-INDEX |   AVG IBS |   CI -IBS |   p-values CI |   p-values IBS |   p-value-HB (CI) |   p-value-HB (IBS) |
+============+==========+==========+==========+========+===============+===============+===============+===========+===========+===============+================+===================+====================+
| lgg        | clinical |        5 |        5 |      0 | 0.588 ± 0.032 | 0.268 ± 0.081 |         0.575 |     0.295 |     0.279 |         0.091 |          0.384 |             1     |              1     |
+------------+----------+----------+----------+--------+---------------+---------------+---------------+-----------+-----------+---------------+----------------+-------------------+--------------------+
| lgg        | clinical |        5 |        5 |      1 | 0.561 ± 0.026 | 0.323 ± 0.091 |         0.575 |     0.295 |     0.279 |         0.036 |          0.002 |             0.756 |              0.052 |
+------------+----------+----------+----------+--------+---------------+---------------+---------------+-----------+-----------+---------------+----------------+-------------------+--------------------+
| lgg        | clinical |        5 |       10 |      0 | 0.592 ± 0.045 | 0.290 ± 0.078 |         0.578 |     0.297 |     0.281 |         0.155 |          0.125 |             1     |              1     |
+------------+----------+----------+----------+--------+---------------+---------------+---------------+-----------+-----------+---------------+----------------+-------------------+--------------------+
| lgg        | clinical |        5 |       10 |      1 | 0.564 ± 0.033 | 0.304 ± 0.081 |         0.578 |     0.297 |     0.281 |         0.063 |          0.005 |             1     |              0.125 |
+------------+----------+----------+----------+--------+---------------+---------------+---------------+-----------+-----------+---------------+----------------+-------------------+--------------------+
| lgg        | clinical |        5 |       25 |      0 | 0.569 ± 0.032 | 0.281 ± 0.064 |         0.571 |     0.287 |     0.284 |         0.009 |          0.185 |             0.243 |              1     |
+------------+----------+----------+----------+--------+---------------+---------------+---------------+-----------+-----------+---------------+----------------+-------------------+--------------------+
| lgg        | clinical |        5 |       25 |      1 | 0.573 ± 0.029 | 0.292 ± 0.061 |         0.571 |     0.287 |     0.284 |         0.153 |          0.005 |             1     |              0.125 |
+------------+----------+----------+----------+--------+---------------+---------------+---------------+-----------+-----------+---------------+----------------+-------------------+--------------------+
| lgg        | clinical |        5 |       50 |      0 | 0.611 ± 0.052 | 0.264 ± 0.068 |         0.598 |     0.295 |     0.303 |         0.5   |          0.435 |             1     |              1     |
+------------+----------+----------+----------+--------+---------------+---------------+---------------+-----------+-----------+---------------+----------------+-------------------+--------------------+
| lgg        | clinical |        5 |       50 |      1 | 0.585 ± 0.044 | 0.326 ± 0.082 |         0.598 |     0.295 |     0.303 |         0.431 |          0.001 |             1     |              0.027 |
+------------+----------+----------+----------+--------+---------------+---------------+---------------+-----------+-----------+---------------+----------------+-------------------+--------------------+
| lgg        | clinical |        5 |       75 |      0 | 0.606 ± 0.033 | 0.266 ± 0.067 |         0.597 |     0.28  |     0.317 |         0.398 |          0.407 |             1     |              1     |
+------------+----------+----------+----------+--------+---------------+---------------+---------------+-----------+-----------+---------------+----------------+-------------------+--------------------+
| lgg        | clinical |        5 |       75 |      1 | 0.588 ± 0.046 | 0.295 ± 0.080 |         0.597 |     0.28  |     0.317 |         0.5   |          0.011 |             1     |              0.231 |
+------------+----------+----------+----------+--------+---------------+---------------+---------------+-----------+-----------+---------------+----------------+-------------------+--------------------+
| lgg        | clinical |        5 |      100 |      0 | 0.599 ± 0.049 | 0.287 ± 0.075 |         0.592 |     0.28  |     0.313 |         0.275 |          0.144 |             1     |              1     |
+------------+----------+----------+----------+--------+---------------+---------------+---------------+-----------+-----------+---------------+----------------+-------------------+--------------------+
| lgg        | clinical |        5 |      100 |      1 | 0.585 ± 0.035 | 0.272 ± 0.046 |         0.592 |     0.28  |     0.313 |         0.431 |          0.023 |             1     |              0.46  |
+------------+----------+----------+----------+--------+---------------+---------------+---------------+-----------+-----------+---------------+----------------+-------------------+--------------------+
| lgg        | clinical |        5 |      500 |      0 | 0.590 ± 0.042 | 0.322 ± 0.101 |         0.587 |     0.277 |     0.31  |         0.129 |          0.028 |             1     |              0.486 |
+------------+----------+----------+----------+--------+---------------+---------------+---------------+-----------+-----------+---------------+----------------+-------------------+--------------------+
| lgg        | clinical |        5 |      500 |      1 | 0.584 ± 0.047 | 0.233 ± 0.052 |         0.587 |     0.277 |     0.31  |         0.409 |          0.5   |             1     |              1     |
+------------+----------+----------+----------+--------+---------------+---------------+---------------+-----------+-----------+---------------+----------------+-------------------+--------------------+
| lgg        | clinical |       10 |        5 |      0 | 0.573 ± 0.033 | 0.291 ± 0.090 |         0.565 |     0.288 |     0.277 |         0.015 |          0.142 |             0.39  |              1     |
+------------+----------+----------+----------+--------+---------------+---------------+---------------+-----------+-----------+---------------+----------------+-------------------+--------------------+
| lgg        | clinical |       10 |        5 |      1 | 0.558 ± 0.024 | 0.285 ± 0.079 |         0.565 |     0.288 |     0.277 |         0.021 |          0.024 |             0.504 |              0.46  |
+------------+----------+----------+----------+--------+---------------+---------------+---------------+-----------+-----------+---------------+----------------+-------------------+--------------------+
| lgg        | clinical |       10 |       10 |      0 | 0.587 ± 0.037 | 0.311 ± 0.076 |         0.578 |     0.301 |     0.276 |         0.085 |          0.027 |             1     |              0.486 |
+------------+----------+----------+----------+--------+---------------+---------------+---------------+-----------+-----------+---------------+----------------+-------------------+--------------------+
| lgg        | clinical |       10 |       10 |      1 | 0.569 ± 0.024 | 0.291 ± 0.069 |         0.578 |     0.301 |     0.276 |         0.088 |          0.009 |             1     |              0.198 |
+------------+----------+----------+----------+--------+---------------+---------------+---------------+-----------+-----------+---------------+----------------+-------------------+--------------------+
| lgg        | clinical |       10 |       25 |      0 | 0.575 ± 0.038 | 0.300 ± 0.094 |         0.562 |     0.29  |     0.271 |         0.023 |          0.095 |             0.529 |              1     |
+------------+----------+----------+----------+--------+---------------+---------------+---------------+-----------+-----------+---------------+----------------+-------------------+--------------------+
| lgg        | clinical |       10 |       25 |      1 | 0.548 ± 0.028 | 0.281 ± 0.044 |         0.562 |     0.29  |     0.271 |         0.006 |          0.007 |             0.168 |              0.161 |
+------------+----------+----------+----------+--------+---------------+---------------+---------------+-----------+-----------+---------------+----------------+-------------------+--------------------+
| lgg        | clinical |       10 |       50 |      0 | 0.571 ± 0.037 | 0.325 ± 0.107 |         0.58  |     0.298 |     0.282 |         0.015 |          0.028 |             0.39  |              0.486 |
+------------+----------+----------+----------+--------+---------------+---------------+---------------+-----------+-----------+---------------+----------------+-------------------+--------------------+
| lgg        | clinical |       10 |       50 |      1 | 0.588 ± 0.040 | 0.270 ± 0.080 |         0.58  |     0.298 |     0.282 |         0.493 |          0.077 |             1     |              0.924 |
+------------+----------+----------+----------+--------+---------------+---------------+---------------+-----------+-----------+---------------+----------------+-------------------+--------------------+
| lgg        | clinical |       10 |       75 |      0 | 0.576 ± 0.039 | 0.313 ± 0.104 |         0.579 |     0.303 |     0.275 |         0.027 |          0.054 |             0.594 |              0.702 |
+------------+----------+----------+----------+--------+---------------+---------------+---------------+-----------+-----------+---------------+----------------+-------------------+--------------------+
| lgg        | clinical |       10 |       75 |      1 | 0.582 ± 0.050 | 0.293 ± 0.111 |         0.579 |     0.303 |     0.275 |         0.359 |          0.039 |             1     |              0.546 |
+------------+----------+----------+----------+--------+---------------+---------------+---------------+-----------+-----------+---------------+----------------+-------------------+--------------------+
| lgg        | clinical |       10 |      100 |      0 | 0.591 ± 0.047 | 0.281 ± 0.069 |         0.582 |     0.296 |     0.286 |         0.155 |          0.19  |             1     |              1     |
+------------+----------+----------+----------+--------+---------------+---------------+---------------+-----------+-----------+---------------+----------------+-------------------+--------------------+
| lgg        | clinical |       10 |      100 |      1 | 0.573 ± 0.035 | 0.311 ± 0.052 |         0.582 |     0.296 |     0.286 |         0.176 |          0     |             1     |              0     |
+------------+----------+----------+----------+--------+---------------+---------------+---------------+-----------+-----------+---------------+----------------+-------------------+--------------------+
| lgg        | clinical |       10 |      500 |      0 | 0.586 ± 0.048 | 0.260 ± 0.057 |         0.581 |     0.272 |     0.309 |         0.106 |          0.5   |             1     |              1     |
+------------+----------+----------+----------+--------+---------------+---------------+---------------+-----------+-----------+---------------+----------------+-------------------+--------------------+
| lgg        | clinical |       10 |      500 |      1 | 0.575 ± 0.029 | 0.284 ± 0.085 |         0.581 |     0.272 |     0.309 |         0.188 |          0.034 |             1     |              0.51  |
+------------+----------+----------+----------+--------+---------------+---------------+---------------+-----------+-----------+---------------+----------------+-------------------+--------------------+