+------------+----------+----------+----------+--------+---------------+---------------+---------------+-----------+-----------+---------------+----------------+---------------+----------------+
| DATASETS   | MODES    |   LATENT |   HIDDEN |   RISK | C-INDEX       | IBS           |   AVG C-INDEX |   AVG IBS |   CI -IBS |   p-values CI |   p-values IBS |   p-values CI |   p-values IBS |
+============+==========+==========+==========+========+===============+===============+===============+===========+===========+===============+================+===============+================+
| brca       | clinical |        5 |        5 |      0 | 0.636 ± 0.072 | 0.210 ± 0.045 |         0.64  |     0.232 |     0.408 |         0.431 |          0.5   |         1     |          1     |
+------------+----------+----------+----------+--------+---------------+---------------+---------------+-----------+-----------+---------------+----------------+---------------+----------------+
| brca       | clinical |        5 |        5 |      1 | 0.644 ± 0.079 | 0.254 ± 0.065 |         0.64  |     0.232 |     0.408 |         0.214 |          0.003 |         1     |          0.078 |
+------------+----------+----------+----------+--------+---------------+---------------+---------------+-----------+-----------+---------------+----------------+---------------+----------------+
| brca       | clinical |        5 |       10 |      0 | 0.597 ± 0.052 | 0.259 ± 0.051 |         0.622 |     0.224 |     0.398 |         0.023 |          0.006 |         0.552 |          0.144 |
+------------+----------+----------+----------+--------+---------------+---------------+---------------+-----------+-----------+---------------+----------------+---------------+----------------+
| brca       | clinical |        5 |       10 |      1 | 0.647 ± 0.052 | 0.190 ± 0.044 |         0.622 |     0.224 |     0.398 |         0.194 |          0.5   |         1     |          1     |
+------------+----------+----------+----------+--------+---------------+---------------+---------------+-----------+-----------+---------------+----------------+---------------+----------------+
| brca       | clinical |        5 |       25 |      0 | 0.640 ± 0.057 | 0.249 ± 0.058 |         0.637 |     0.229 |     0.408 |         0.5   |          0.029 |         1     |          0.532 |
+------------+----------+----------+----------+--------+---------------+---------------+---------------+-----------+-----------+---------------+----------------+---------------+----------------+
| brca       | clinical |        5 |       25 |      1 | 0.633 ± 0.049 | 0.208 ± 0.040 |         0.637 |     0.229 |     0.408 |         0.065 |          0.133 |         1     |          1     |
+------------+----------+----------+----------+--------+---------------+---------------+---------------+-----------+-----------+---------------+----------------+---------------+----------------+
| brca       | clinical |        5 |       50 |      0 | 0.625 ± 0.041 | 0.238 ± 0.043 |         0.611 |     0.225 |     0.386 |         0.208 |          0.056 |         1     |          0.81  |
+------------+----------+----------+----------+--------+---------------+---------------+---------------+-----------+-----------+---------------+----------------+---------------+----------------+
| brca       | clinical |        5 |       50 |      1 | 0.597 ± 0.044 | 0.212 ± 0.056 |         0.611 |     0.225 |     0.386 |         0.001 |          0.136 |         0.028 |          1     |
+------------+----------+----------+----------+--------+---------------+---------------+---------------+-----------+-----------+---------------+----------------+---------------+----------------+
| brca       | clinical |        5 |       75 |      0 | 0.600 ± 0.045 | 0.221 ± 0.053 |         0.616 |     0.225 |     0.391 |         0.023 |          0.278 |         0.552 |          1     |
+------------+----------+----------+----------+--------+---------------+---------------+---------------+-----------+-----------+---------------+----------------+---------------+----------------+
| brca       | clinical |        5 |       75 |      1 | 0.632 ± 0.058 | 0.229 ± 0.036 |         0.616 |     0.225 |     0.391 |         0.073 |          0.008 |         1     |          0.184 |
+------------+----------+----------+----------+--------+---------------+---------------+---------------+-----------+-----------+---------------+----------------+---------------+----------------+
| brca       | clinical |        5 |      100 |      0 | 0.611 ± 0.063 | 0.216 ± 0.027 |         0.625 |     0.222 |     0.403 |         0.102 |          0.345 |         1     |          1     |
+------------+----------+----------+----------+--------+---------------+---------------+---------------+-----------+-----------+---------------+----------------+---------------+----------------+
| brca       | clinical |        5 |      100 |      1 | 0.639 ± 0.060 | 0.228 ± 0.057 |         0.625 |     0.222 |     0.403 |         0.127 |          0.031 |         1     |          0.532 |
+------------+----------+----------+----------+--------+---------------+---------------+---------------+-----------+-----------+---------------+----------------+---------------+----------------+
| brca       | clinical |        5 |      500 |      0 | 0.610 ± 0.070 | 0.225 ± 0.036 |         0.63  |     0.225 |     0.405 |         0.108 |          0.178 |         1     |          1     |
+------------+----------+----------+----------+--------+---------------+---------------+---------------+-----------+-----------+---------------+----------------+---------------+----------------+
| brca       | clinical |        5 |      500 |      1 | 0.650 ± 0.062 | 0.226 ± 0.045 |         0.63  |     0.225 |     0.405 |         0.26  |          0.021 |         1     |          0.42  |
+------------+----------+----------+----------+--------+---------------+---------------+---------------+-----------+-----------+---------------+----------------+---------------+----------------+
| brca       | clinical |       10 |        5 |      0 | 0.607 ± 0.048 | 0.247 ± 0.069 |         0.621 |     0.237 |     0.384 |         0.056 |          0.054 |         1     |          0.81  |
+------------+----------+----------+----------+--------+---------------+---------------+---------------+-----------+-----------+---------------+----------------+---------------+----------------+
| brca       | clinical |       10 |        5 |      1 | 0.634 ± 0.063 | 0.227 ± 0.032 |         0.621 |     0.237 |     0.384 |         0.096 |          0.008 |         1     |          0.184 |
+------------+----------+----------+----------+--------+---------------+---------------+---------------+-----------+-----------+---------------+----------------+---------------+----------------+
| brca       | clinical |       10 |       10 |      0 | 0.589 ± 0.052 | 0.253 ± 0.044 |         0.594 |     0.246 |     0.348 |         0.009 |          0.009 |         0.225 |          0.189 |
+------------+----------+----------+----------+--------+---------------+---------------+---------------+-----------+-----------+---------------+----------------+---------------+----------------+
| brca       | clinical |       10 |       10 |      1 | 0.600 ± 0.034 | 0.239 ± 0.050 |         0.594 |     0.246 |     0.348 |         0.001 |          0.005 |         0.028 |          0.125 |
+------------+----------+----------+----------+--------+---------------+---------------+---------------+-----------+-----------+---------------+----------------+---------------+----------------+
| brca       | clinical |       10 |       25 |      0 | 0.624 ± 0.062 | 0.235 ± 0.052 |         0.628 |     0.232 |     0.396 |         0.243 |          0.095 |         1     |          1     |
+------------+----------+----------+----------+--------+---------------+---------------+---------------+-----------+-----------+---------------+----------------+---------------+----------------+
| brca       | clinical |       10 |       25 |      1 | 0.632 ± 0.076 | 0.229 ± 0.058 |         0.628 |     0.232 |     0.396 |         0.104 |          0.028 |         1     |          0.532 |
+------------+----------+----------+----------+--------+---------------+---------------+---------------+-----------+-----------+---------------+----------------+---------------+----------------+
| brca       | clinical |       10 |       50 |      0 | 0.638 ± 0.063 | 0.214 ± 0.028 |         0.626 |     0.23  |     0.396 |         0.468 |          0.412 |         1     |          1     |
+------------+----------+----------+----------+--------+---------------+---------------+---------------+-----------+-----------+---------------+----------------+---------------+----------------+
| brca       | clinical |       10 |       50 |      1 | 0.614 ± 0.035 | 0.247 ± 0.047 |         0.626 |     0.23  |     0.396 |         0.005 |          0.001 |         0.13  |          0.028 |
+------------+----------+----------+----------+--------+---------------+---------------+---------------+-----------+-----------+---------------+----------------+---------------+----------------+
| brca       | clinical |       10 |       75 |      0 | 0.624 ± 0.065 | 0.241 ± 0.071 |         0.633 |     0.229 |     0.405 |         0.247 |          0.095 |         1     |          1     |
+------------+----------+----------+----------+--------+---------------+---------------+---------------+-----------+-----------+---------------+----------------+---------------+----------------+
| brca       | clinical |       10 |       75 |      1 | 0.642 ± 0.070 | 0.217 ± 0.031 |         0.633 |     0.229 |     0.405 |         0.176 |          0.039 |         1     |          0.624 |
+------------+----------+----------+----------+--------+---------------+---------------+---------------+-----------+-----------+---------------+----------------+---------------+----------------+
| brca       | clinical |       10 |      100 |      0 | 0.624 ± 0.060 | 0.221 ± 0.048 |         0.625 |     0.237 |     0.388 |         0.232 |          0.269 |         1     |          1     |
+------------+----------+----------+----------+--------+---------------+---------------+---------------+-----------+-----------+---------------+----------------+---------------+----------------+
| brca       | clinical |       10 |      100 |      1 | 0.626 ± 0.071 | 0.253 ± 0.050 |         0.625 |     0.237 |     0.388 |         0.064 |          0.001 |         1     |          0.028 |
+------------+----------+----------+----------+--------+---------------+---------------+---------------+-----------+-----------+---------------+----------------+---------------+----------------+
| brca       | clinical |       10 |      500 |      0 | 0.640 ± 0.053 | 0.241 ± 0.053 |         0.653 |     0.223 |     0.43  |         0.5   |          0.056 |         1     |          0.81  |
+------------+----------+----------+----------+--------+---------------+---------------+---------------+-----------+-----------+---------------+----------------+---------------+----------------+
| brca       | clinical |       10 |      500 |      1 | 0.665 ± 0.060 | 0.204 ± 0.045 |         0.653 |     0.223 |     0.43  |         0.5   |          0.202 |         1     |          1     |
+------------+----------+----------+----------+--------+---------------+---------------+---------------+-----------+-----------+---------------+----------------+---------------+----------------+