+---------------------------------------------------+--------+---------------+---------------+----------+-----------+-----------+-----------+------------+--------------+---------------+
| MODES                                             |   RISK | C-INDEX       | IBS           |   AVG CI |   AVG IBS |   CI- IBS |   PVAL CI |   PVAL IBS |   PVAL CI HB |   PVAL IBS HB |
+===================================================+========+===============+===============+==========+===========+===========+===========+============+==============+===============+
| clinical_omic_adn_omic_cnv_omic_RNAseq            |      0 | 0.596 ± 0.055 | 0.211 ± 0.044 |    0.588 |     0.222 |     0.366 |     0.183 |      0.5   |        1     |         1     |
+---------------------------------------------------+--------+---------------+---------------+----------+-----------+-----------+-----------+------------+--------------+---------------+
| clinical_omic_adn_omic_cnv_omic_RNAseq            |      1 | 0.580 ± 0.031 | 0.234 ± 0.065 |    0.588 |     0.222 |     0.366 |     0.03  |      0.162 |        0.914 |         1     |
+---------------------------------------------------+--------+---------------+---------------+----------+-----------+-----------+-----------+------------+--------------+---------------+
| clinical_omic_adn_omic_miRNA                      |      0 | 0.610 ± 0.061 | 0.230 ± 0.040 |    0.609 |     0.239 |     0.37  |     0.341 |      0.116 |        1     |         1     |
+---------------------------------------------------+--------+---------------+---------------+----------+-----------+-----------+-----------+------------+--------------+---------------+
| clinical_omic_adn_omic_miRNA                      |      1 | 0.607 ± 0.055 | 0.247 ± 0.052 |    0.609 |     0.239 |     0.37  |     0.494 |      0.028 |        1     |         0.855 |
+---------------------------------------------------+--------+---------------+---------------+----------+-----------+-----------+-----------+------------+--------------+---------------+
| clinical_omic_adn_omic_cnv_omic_miRNA_omic_RNAseq |      0 | 0.624 ± 0.071 | 0.214 ± 0.069 |    0.609 |     0.227 |     0.382 |     0.546 |      0.44  |        1     |         1     |
+---------------------------------------------------+--------+---------------+---------------+----------+-----------+-----------+-----------+------------+--------------+---------------+
| clinical_omic_adn_omic_cnv_omic_miRNA_omic_RNAseq |      1 | 0.594 ± 0.053 | 0.241 ± 0.040 |    0.609 |     0.227 |     0.382 |     0.231 |      0.033 |        1     |         0.991 |
+---------------------------------------------------+--------+---------------+---------------+----------+-----------+-----------+-----------+------------+--------------+---------------+
| clinical_omic_adn_omic_miRNA_omic_RNAseq          |      0 | 0.620 ± 0.040 | 0.223 ± 0.056 |    0.624 |     0.229 |     0.395 |     0.48  |      0.262 |        1     |         1     |
+---------------------------------------------------+--------+---------------+---------------+----------+-----------+-----------+-----------+------------+--------------+---------------+
| clinical_omic_adn_omic_miRNA_omic_RNAseq          |      1 | 0.628 ± 0.055 | 0.234 ± 0.052 |    0.624 |     0.229 |     0.395 |     0.858 |      0.112 |        1     |         1     |
+---------------------------------------------------+--------+---------------+---------------+----------+-----------+-----------+-----------+------------+--------------+---------------+
| clinical_omic_adn                                 |      0 | 0.632 ± 0.083 | 0.221 ± 0.064 |    0.625 |     0.229 |     0.396 |     0.639 |      0.308 |        1     |         1     |
+---------------------------------------------------+--------+---------------+---------------+----------+-----------+-----------+-----------+------------+--------------+---------------+
| clinical_omic_adn                                 |      1 | 0.617 ± 0.055 | 0.237 ± 0.047 |    0.625 |     0.229 |     0.396 |     0.696 |      0.075 |        1     |         1     |
+---------------------------------------------------+--------+---------------+---------------+----------+-----------+-----------+-----------+------------+--------------+---------------+
| clinical_omic_miRNA_omic_RNAseq                   |      0 | 0.588 ± 0.048 | 0.227 ± 0.071 |    0.587 |     0.231 |     0.357 |     0.106 |      0.235 |        1     |         1     |
+---------------------------------------------------+--------+---------------+---------------+----------+-----------+-----------+-----------+------------+--------------+---------------+
| clinical_omic_miRNA_omic_RNAseq                   |      1 | 0.586 ± 0.029 | 0.234 ± 0.044 |    0.587 |     0.231 |     0.357 |     0.068 |      0.092 |        1     |         1     |
+---------------------------------------------------+--------+---------------+---------------+----------+-----------+-----------+-----------+------------+--------------+---------------+
| clinical_omic_cnv_omic_miRNA_omic_RNAseq          |      0 | 0.613 ± 0.059 | 0.257 ± 0.066 |    0.595 |     0.233 |     0.361 |     0.39  |      0.019 |        1     |         0.582 |
+---------------------------------------------------+--------+---------------+---------------+----------+-----------+-----------+-----------+------------+--------------+---------------+
| clinical_omic_cnv_omic_miRNA_omic_RNAseq          |      1 | 0.576 ± 0.039 | 0.210 ± 0.032 |    0.595 |     0.233 |     0.361 |     0.025 |      0.637 |        0.75  |         1     |
+---------------------------------------------------+--------+---------------+---------------+----------+-----------+-----------+-----------+------------+--------------+---------------+
| clinical_omic_adn_omic_RNAseq                     |      0 | 0.619 ± 0.053 | 0.217 ± 0.048 |    0.617 |     0.222 |     0.395 |     0.471 |      0.369 |        1     |         1     |
+---------------------------------------------------+--------+---------------+---------------+----------+-----------+-----------+-----------+------------+--------------+---------------+
| clinical_omic_adn_omic_RNAseq                     |      1 | 0.615 ± 0.049 | 0.227 ± 0.040 |    0.617 |     0.222 |     0.395 |     0.658 |      0.176 |        1     |         1     |
+---------------------------------------------------+--------+---------------+---------------+----------+-----------+-----------+-----------+------------+--------------+---------------+
| clinical_omic_cnv_omic_miRNA                      |      0 | 0.632 ± 0.057 | 0.244 ± 0.060 |    0.63  |     0.237 |     0.393 |     0.661 |      0.054 |        1     |         1     |
+---------------------------------------------------+--------+---------------+---------------+----------+-----------+-----------+-----------+------------+--------------+---------------+
| clinical_omic_cnv_omic_miRNA                      |      1 | 0.628 ± 0.057 | 0.231 ± 0.041 |    0.63  |     0.237 |     0.393 |     0.849 |      0.12  |        1     |         1     |
+---------------------------------------------------+--------+---------------+---------------+----------+-----------+-----------+-----------+------------+--------------+---------------+
| clinical_omic_adn_omic_cnv_omic_miRNA             |      0 | 0.621 ± 0.083 | 0.219 ± 0.040 |    0.614 |     0.231 |     0.383 |     0.5   |      0.3   |        1     |         1     |
+---------------------------------------------------+--------+---------------+---------------+----------+-----------+-----------+-----------+------------+--------------+---------------+
| clinical_omic_adn_omic_cnv_omic_miRNA             |      1 | 0.606 ± 0.041 | 0.242 ± 0.063 |    0.614 |     0.231 |     0.383 |     0.458 |      0.075 |        1     |         1     |
+---------------------------------------------------+--------+---------------+---------------+----------+-----------+-----------+-----------+------------+--------------+---------------+
| clinical_omic_miRNA                               |      0 | 0.612 ± 0.074 | 0.211 ± 0.049 |    0.61  |     0.226 |     0.384 |     0.384 |      0.491 |        1     |         1     |
+---------------------------------------------------+--------+---------------+---------------+----------+-----------+-----------+-----------+------------+--------------+---------------+
| clinical_omic_miRNA                               |      1 | 0.608 ± 0.043 | 0.241 ± 0.045 |    0.61  |     0.226 |     0.384 |     0.5   |      0.039 |        1     |         1     |
+---------------------------------------------------+--------+---------------+---------------+----------+-----------+-----------+-----------+------------+--------------+---------------+
| clinical_omic_cnv                                 |      0 | 0.601 ± 0.048 | 0.220 ± 0.056 |    0.613 |     0.217 |     0.396 |     0.225 |      0.308 |        1     |         1     |
+---------------------------------------------------+--------+---------------+---------------+----------+-----------+-----------+-----------+------------+--------------+---------------+
| clinical_omic_cnv                                 |      1 | 0.625 ± 0.054 | 0.214 ± 0.033 |    0.613 |     0.217 |     0.396 |     0.815 |      0.5   |        1     |         1     |
+---------------------------------------------------+--------+---------------+---------------+----------+-----------+-----------+-----------+------------+--------------+---------------+
| clinical_omic_adn_omic_cnv                        |      0 | 0.609 ± 0.049 | 0.219 ± 0.032 |    0.604 |     0.226 |     0.378 |     0.329 |      0.3   |        1     |         1     |
+---------------------------------------------------+--------+---------------+---------------+----------+-----------+-----------+-----------+------------+--------------+---------------+
| clinical_omic_adn_omic_cnv                        |      1 | 0.598 ± 0.051 | 0.232 ± 0.045 |    0.604 |     0.226 |     0.378 |     0.298 |      0.114 |        1     |         1     |
+---------------------------------------------------+--------+---------------+---------------+----------+-----------+-----------+-----------+------------+--------------+---------------+
| clinical_omic_RNAseq                              |      0 | 0.617 ± 0.050 | 0.216 ± 0.044 |    0.601 |     0.225 |     0.376 |     0.438 |      0.378 |        1     |         1     |
+---------------------------------------------------+--------+---------------+---------------+----------+-----------+-----------+-----------+------------+--------------+---------------+
| clinical_omic_RNAseq                              |      1 | 0.585 ± 0.042 | 0.234 ± 0.035 |    0.601 |     0.225 |     0.376 |     0.08  |      0.068 |        1     |         1     |
+---------------------------------------------------+--------+---------------+---------------+----------+-----------+-----------+-----------+------------+--------------+---------------+
| clinical_omic_cnv_omic_RNAseq                     |      0 | 0.622 ± 0.043 | 0.212 ± 0.038 |    0.622 |     0.225 |     0.397 |     0.524 |      0.473 |        1     |         1     |
+---------------------------------------------------+--------+---------------+---------------+----------+-----------+-----------+-----------+------------+--------------+---------------+
| clinical_omic_cnv_omic_RNAseq                     |      1 | 0.622 ± 0.063 | 0.239 ± 0.053 |    0.622 |     0.225 |     0.397 |     0.753 |      0.073 |        1     |         1     |
+---------------------------------------------------+--------+---------------+---------------+----------+-----------+-----------+-----------+------------+--------------+---------------+