+------------+---------------+----------+---------------------+--------+---------------+---------------+---------------+-----------+-----------+---------------+----------------+-------------------+--------------------+
| DATASETS   | MODES         | LATENT   | HIDDEN              |   RISK | C-INDEX       | IBS           |   AVG C-INDEX |   AVG IBS |   CI -IBS |   p-values CI |   p-values IBS |   p-value-HB (CI) |   p-value-HB (IBS) |
+============+===============+==========+=====================+========+===============+===============+===============+===========+===========+===============+================+===================+====================+
| lgg        | clinical, wsi | [5, 5]   | [75, [8, 16, 32]]   |      0 | 0.570 ± 0.033 | 0.340 ± 0.080 |         0.571 |     0.336 |     0.235 |         0.124 |          0.003 |             0.992 |              0.054 |
+------------+---------------+----------+---------------------+--------+---------------+---------------+---------------+-----------+-----------+---------------+----------------+-------------------+--------------------+
| lgg        | clinical, wsi | [5, 5]   | [75, [8, 16, 32]]   |      1 | 0.573 ± 0.024 | 0.332 ± 0.057 |         0.571 |     0.336 |     0.235 |         0.257 |          0.153 |             1     |              1     |
+------------+---------------+----------+---------------------+--------+---------------+---------------+---------------+-----------+-----------+---------------+----------------+-------------------+--------------------+
| lgg        | clinical, wsi | [5, 5]   | [75, [16, 32, 64]]  |      0 | 0.584 ± 0.030 | 0.274 ± 0.074 |         0.582 |     0.324 |     0.257 |         0.5   |          0.382 |             1     |              1     |
+------------+---------------+----------+---------------------+--------+---------------+---------------+---------------+-----------+-----------+---------------+----------------+-------------------+--------------------+
| lgg        | clinical, wsi | [5, 5]   | [75, [16, 32, 64]]  |      1 | 0.580 ± 0.028 | 0.375 ± 0.115 |         0.582 |     0.324 |     0.257 |         0.5   |          0.035 |             1     |              0.525 |
+------------+---------------+----------+---------------------+--------+---------------+---------------+---------------+-----------+-----------+---------------+----------------+-------------------+--------------------+
| lgg        | clinical, wsi | [5, 5]   | [75, [32, 64, 128]] |      0 | 0.555 ± 0.033 | 0.291 ± 0.057 |         0.56  |     0.312 |     0.248 |         0.01  |          0.111 |             0.15  |              1     |
+------------+---------------+----------+---------------------+--------+---------------+---------------+---------------+-----------+-----------+---------------+----------------+-------------------+--------------------+
| lgg        | clinical, wsi | [5, 5]   | [75, [32, 64, 128]] |      1 | 0.565 ± 0.027 | 0.334 ± 0.083 |         0.56  |     0.312 |     0.248 |         0.086 |          0.183 |             0.774 |              1     |
+------------+---------------+----------+---------------------+--------+---------------+---------------+---------------+-----------+-----------+---------------+----------------+-------------------+--------------------+
| lgg        | clinical, wsi | [5, 50]  | [75, [8, 16, 32]]   |      0 | 0.559 ± 0.017 | 0.296 ± 0.067 |         0.56  |     0.324 |     0.236 |         0.007 |          0.093 |             0.112 |              1     |
+------------+---------------+----------+---------------------+--------+---------------+---------------+---------------+-----------+-----------+---------------+----------------+-------------------+--------------------+
| lgg        | clinical, wsi | [5, 50]  | [75, [8, 16, 32]]   |      1 | 0.561 ± 0.031 | 0.351 ± 0.067 |         0.56  |     0.324 |     0.236 |         0.053 |          0.043 |             0.588 |              0.602 |
+------------+---------------+----------+---------------------+--------+---------------+---------------+---------------+-----------+-----------+---------------+----------------+-------------------+--------------------+
| lgg        | clinical, wsi | [5, 50]  | [75, [16, 32, 64]]  |      0 | 0.561 ± 0.032 | 0.322 ± 0.072 |         0.567 |     0.315 |     0.251 |         0.032 |          0.011 |             0.416 |              0.176 |
+------------+---------------+----------+---------------------+--------+---------------+---------------+---------------+-----------+-----------+---------------+----------------+-------------------+--------------------+
| lgg        | clinical, wsi | [5, 50]  | [75, [16, 32, 64]]  |      1 | 0.572 ± 0.033 | 0.309 ± 0.056 |         0.567 |     0.315 |     0.251 |         0.259 |          0.5   |             1     |              1     |
+------------+---------------+----------+---------------------+--------+---------------+---------------+---------------+-----------+-----------+---------------+----------------+-------------------+--------------------+
| lgg        | clinical, wsi | [5, 50]  | [75, [32, 64, 128]] |      0 | 0.548 ± 0.024 | 0.319 ± 0.064 |         0.559 |     0.321 |     0.238 |         0.001 |          0.009 |             0.018 |              0.153 |
+------------+---------------+----------+---------------------+--------+---------------+---------------+---------------+-----------+-----------+---------------+----------------+-------------------+--------------------+
| lgg        | clinical, wsi | [5, 50]  | [75, [32, 64, 128]] |      1 | 0.570 ± 0.034 | 0.322 ± 0.043 |         0.559 |     0.321 |     0.238 |         0.217 |          0.248 |             1     |              1     |
+------------+---------------+----------+---------------------+--------+---------------+---------------+---------------+-----------+-----------+---------------+----------------+-------------------+--------------------+
| lgg        | clinical, wsi | [5, 500] | [75, [8, 16, 32]]   |      0 | 0.579 ± 0.028 | 0.295 ± 0.046 |         0.571 |     0.318 |     0.253 |         0.335 |          0.056 |             1     |              0.728 |
+------------+---------------+----------+---------------------+--------+---------------+---------------+---------------+-----------+-----------+---------------+----------------+-------------------+--------------------+
| lgg        | clinical, wsi | [5, 500] | [75, [8, 16, 32]]   |      1 | 0.563 ± 0.029 | 0.341 ± 0.079 |         0.571 |     0.318 |     0.253 |         0.067 |          0.113 |             0.67  |              1     |
+------------+---------------+----------+---------------------+--------+---------------+---------------+---------------+-----------+-----------+---------------+----------------+-------------------+--------------------+
| lgg        | clinical, wsi | [5, 500] | [75, [16, 32, 64]]  |      0 | 0.559 ± 0.027 | 0.267 ± 0.041 |         0.559 |     0.303 |     0.256 |         0.014 |          0.5   |             0.196 |              1     |
+------------+---------------+----------+---------------------+--------+---------------+---------------+---------------+-----------+-----------+---------------+----------------+-------------------+--------------------+
| lgg        | clinical, wsi | [5, 500] | [75, [16, 32, 64]]  |      1 | 0.559 ± 0.034 | 0.339 ± 0.080 |         0.559 |     0.303 |     0.256 |         0.049 |          0.135 |             0.588 |              1     |
+------------+---------------+----------+---------------------+--------+---------------+---------------+---------------+-----------+-----------+---------------+----------------+-------------------+--------------------+
| lgg        | clinical, wsi | [5, 500] | [75, [32, 64, 128]] |      0 | 0.556 ± 0.022 | 0.278 ± 0.039 |         0.566 |     0.306 |     0.259 |         0.005 |          0.237 |             0.085 |              1     |
+------------+---------------+----------+---------------------+--------+---------------+---------------+---------------+-----------+-----------+---------------+----------------+-------------------+--------------------+
| lgg        | clinical, wsi | [5, 500] | [75, [32, 64, 128]] |      1 | 0.575 ± 0.031 | 0.334 ± 0.050 |         0.566 |     0.306 |     0.259 |         0.339 |          0.114 |             1     |              1     |
+------------+---------------+----------+---------------------+--------+---------------+---------------+---------------+-----------+-----------+---------------+----------------+-------------------+--------------------+